ECG12.txt

73.432836
94.621951
-542.414634
59.817073
###BEGIN DATA WAVES
347.000000 0.059814 422.000000 -0.052185 493.000000 1.460570 519.000000 -0.592346 683.000000 0.025330
1845.000000 -0.062866 1888.000000 -0.132446 1952.000000 1.414490 1979.000000 -0.690918 2175.000000 0.016174
2572.000000 0.015869 2593.000000 -0.068054 2667.000000 1.446230 2693.000000 -0.638733 2863.000000 0.067444
3301.000000 0.025024 3323.000000 -0.041504 3396.000000 1.445920 3422.000000 -0.595398 3605.000000 0.041504
4023.000000 -0.003662 4084.000000 -0.078125 4137.000000 1.394960 4163.000000 -0.606384 4344.000000 0.007019
5499.000000 -0.032044 5540.000000 -0.082397 5596.000000 1.437070 5624.000000 -0.644226 5808.000000 0.013123
6193.000000 0.012207 6238.000000 -0.067444 6295.000000 1.444090 6322.000000 -0.657959 6506.000000 0.095215
6858.000000 0.037842 6947.000000 -0.018921 7003.000000 1.507260 7028.000000 -0.552063 7215.000000 0.038452
8197.000000 -0.097046 8287.000000 -0.190735 8356.000000 1.468810 8384.000000 -0.688477 8560.000000 -0.056152
8827.000000 0.076599 8868.000000 -0.076904 8955.000000 1.536250 8983.000000 -0.563660 9160.000000 0.057373
9448.000000 0.154419 9509.000000 -0.021973 9577.000000 1.531980 9604.000000 -0.499268 9775.000000 0.122070
10205.000000 0.143433 10266.000000 0.096435 10321.000000 1.755370 10347.000000 -0.379333 10623.000000 0.206604
10920.000000 0.154724 10935.000000 0.089416 11064.000000 1.673580 11089.000000 -0.380249 11280.000000 0.188293
11724.000000 0.050354 11742.000000 -0.017395 11812.000000 1.503300 11838.000000 -0.478821 12018.000000 0.044556
12472.000000 0.053406 12517.000000 -0.028992 12566.000000 1.491390 12592.000000 -0.562439 12763.000000 0.020142
13139.000000 -0.048218 13157.000000 -0.069885 13283.000000 1.453860 13311.000000 -0.626526 13508.000000 -0.011291
13717.000000 -0.057983 13810.000000 -0.070190 13959.000000 1.488650 13985.000000 -0.546570 14160.000000 0.095520
14487.000000 0.021973 14575.000000 -0.077515 14643.000000 1.539610 14668.000000 -0.508728 14842.000000 0.136414
15195.000000 0.024414 15281.000000 -0.127258 15327.000000 1.394350 15353.000000 -0.618286 15543.000000 -0.008850
16572.000000 0.030518 16634.000000 -0.112610 16692.000000 1.421200 16719.000000 -0.654297 17008.000000 0.002136
17220.000000 0.146179 17260.000000 0.010071 17346.000000 1.550290 17373.000000 -0.502625 17525.000000 0.083923
17883.000000 0.091553 17931.000000 -0.126648 18009.000000 1.420590 18035.000000 -0.646667 18334.000000 0.078430
18568.000000 0.132751 18635.000000 -0.067139 18687.000000 1.477050 18713.000000 -0.565796 18886.000000 0.004272
20676.000000 0.108337 20721.000000 -0.102539 20803.000000 1.464230 20830.000000 -0.550537 20995.000000 0.206604
21372.000000 0.093689 21436.000000 -0.133972 21495.000000 1.411440 21521.000000 -0.633850 21701.000000 0.032349
22070.000000 0.105286 22136.000000 -0.126648 22194.000000 1.404420 22219.000000 -0.649414 22390.000000 -0.013123
22775.000000 0.134277 22830.000000 -0.081177 22898.000000 1.405940 22924.000000 -0.612488 23089.000000 -0.029602
24166.000000 0.110474 24243.000000 -0.090637 24293.000000 1.409300 24319.000000 -0.627136 24485.000000 0.039368
24865.000000 0.098267 24944.000000 -0.096741 24995.000000 1.435850 25021.000000 -0.602722 25189.000000 0.026550
25582.000000 0.108337 25656.000000 -0.093384 25708.000000 1.432800 25734.000000 -0.639343 25927.000000 0.026245
26299.000000 0.079956 26374.000000 -0.090027 26423.000000 1.411740 26450.000000 -0.652466 26726.000000 0.046387
27023.000000 0.058289 27076.000000 -0.054016 27153.000000 1.469730 27180.000000 -0.580750 27335.000000 0.071716
27735.000000 0.061035 27807.000000 -0.046387 27882.000000 1.473390 27907.000000 -0.545349 28090.000000 0.072632
28480.000000 0.012817 28579.000000 -0.083923 28626.000000 1.437680 28652.000000 -0.632019 28825.000000 0.030823
29235.000000 -0.018616 29278.000000 -0.066223 29361.000000 1.419980 29388.000000 -0.610657 29553.000000 0.039673
29970.000000 0.027771 30034.000000 -0.053711 30110.000000 1.437070 30136.000000 -0.575256 30314.000000 0.069885
30761.000000 0.044250 30830.000000 -0.038452 30889.000000 1.509400 30915.000000 -0.545349 31082.000000 0.081482
31593.000000 0.022888 31635.000000 -0.056152 31710.000000 1.456600 31737.000000 -0.605164 31915.000000 0.028076
32377.000000 0.070801 32435.000000 -0.025330 32511.000000 1.470950 32538.000000 -0.597229 32723.000000 0.038452
33173.000000 0.032044 33234.000000 -0.056763 33303.000000 1.492000 33328.000000 -0.552979 33497.000000 0.080566
33994.000000 0.022278 34021.000000 -0.062561 34087.000000 1.468200 34114.000000 -0.589600 34293.000000 0.029297
34714.000000 -0.018921 34775.000000 -0.089722 34856.000000 1.416320 34883.000000 -0.632935 35059.000000 0.022583
35514.000000 0.013123 35537.000000 -0.052185 35612.000000 1.484070 35639.000000 -0.572205 35826.000000 0.083008
36254.000000 0.022583 36321.000000 -0.061035 36378.000000 1.488650 36404.000000 -0.555725 36590.000000 0.054016
37031.000000 0.019836 37090.000000 -0.077210 37146.000000 1.437380 37173.000000 -0.596008 37355.000000 0.024719
37772.000000 0.000305 37859.000000 -0.090637 37906.000000 1.397710 37933.000000 -0.667114 38098.000000 -0.033569
38544.000000 -0.013733 38576.000000 -0.091858 38652.000000 1.463620 38679.000000 -0.552979 38854.000000 0.043640
39321.000000 -0.025940 39342.000000 -0.073547 39415.000000 1.488040 39442.000000 -0.617065 39615.000000 -0.000916
40033.000000 -0.010071 40096.000000 -0.099793 40151.000000 1.431880 40178.000000 -0.628052 40367.000000 0.102234
40820.000000 -0.003052 40862.000000 -0.080261 40917.000000 1.497190 40943.000000 -0.567932 41152.000000 0.096130
41540.000000 -0.046692 41639.000000 -0.129089 41694.000000 1.413880 41719.000000 -0.629883 41907.000000 -0.045471
43012.000000 -0.054016 43055.000000 -0.202332 43132.000000 1.583560 43159.000000 -0.630798 43321.000000 -0.007324
43648.000000 0.129700 43696.000000 -0.096130 43778.000000 1.541440 43806.000000 -0.492554 44084.000000 0.023193
44318.000000 0.085449 44393.000000 -0.055542 44468.000000 1.604000 44494.000000 -0.470886 44659.000000 0.121765
45025.000000 0.151978 45091.000000 0.040894 45172.000000 1.418760 45198.000000 -0.484619 45363.000000 0.143433
47126.000000 0.101318 47178.000000 0.003662 47259.000000 1.573790 47286.000000 -0.526733 47467.000000 0.169678
47761.000000 0.148926 47810.000000 -0.025024 47893.000000 1.552120 47920.000000 -0.581055 48172.000000 0.128784
48361.000000 0.273743 48455.000000 0.087891 48522.000000 1.647640 48549.000000 -0.468445 48714.000000 0.200195
49049.000000 0.225220 49127.000000 0.023498 49178.000000 1.611630 49204.000000 -0.505066 49388.000000 0.131836
49782.000000 0.161133 49837.000000 -0.004578 49909.000000 1.578370 49935.000000 -0.457153 50107.000000 0.108032
50622.000000 0.078125 50646.000000 -0.033569 50721.000000 1.484070 50747.000000 -0.544434 51030.000000 0.031433
51351.000000 0.059814 51441.000000 -0.048828 51498.000000 1.490170 51524.000000 -0.619507 51680.000000 0.046997
52145.000000 0.085449 52173.000000 -0.002441 52246.000000 1.526490 52273.000000 -0.550232 52434.000000 0.098572
52894.000000 0.140686 52993.000000 0.065002 53046.000000 1.628110 53071.000000 -0.456543 53268.000000 0.080872
53714.000000 0.055237 53806.000000 -0.038147 53860.000000 1.505130 53886.000000 -0.561523 54066.000000 0.029297
54552.000000 0.024414 54609.000000 -0.068054 54677.000000 1.492310 54704.000000 -0.604248 54871.000000 0.035400
55298.000000 0.085144 55370.000000 -0.007935 55445.000000 1.554870 55472.000000 -0.483093 55649.000000 0.140076
56057.000000 0.062866 56140.000000 -0.038147 56215.000000 1.514890 56241.000000 -0.499573 56415.000000 0.148010
56833.000000 -0.075684 56875.000000 -0.181274 56951.000000 1.400150 56977.000000 -0.673523 57131.000000 -0.029602
57472.000000 0.046387 57510.000000 -0.109863 57598.000000 1.587220 57629.000000 -0.531921 57903.000000 -0.019531
58086.000000 0.070801 58133.000000 -0.116577 58214.000000 1.475830 58242.000000 -0.422058 58524.000000 0.075989
58717.000000 0.337830 58776.000000 0.129700 58847.000000 1.781310 58873.000000 -0.318604 59126.000000 0.671692
59349.000000 0.594177 59439.000000 0.346680 59483.000000 2.007140 59509.000000 -0.108337 59652.000000 0.393982
60008.000000 0.540161 60066.000000 0.322266 60135.000000 1.786500 60161.000000 -0.237122 60315.000000 0.204773
60684.000000 0.312805 60754.000000 0.140991 60813.000000 1.651610 60839.000000 -0.311279 61014.000000 0.263367
61387.000000 0.310364 61463.000000 0.162048 61513.000000 1.676640 61540.000000 -0.382996 61695.000000 0.199280
63402.000000 0.145874 63473.000000 -0.069885 63532.000000 1.495360 63558.000000 -0.572205 63843.000000 -0.060120
64125.000000 -0.004578 64224.000000 -0.137634 64283.000000 1.438600 64308.000000 -0.539856 64476.000000 0.050659
64991.000000 0.027771 65038.000000 -0.080872 65095.000000 1.413880 65121.000000 -0.651855 65281.000000 -0.015564
65745.000000 0.002747 65822.000000 -0.080566 65877.000000 1.517330 65904.000000 -0.550232 66049.000000 0.043945
66542.000000 0.099182 66595.000000 0.039062 66650.000000 1.541750 66677.000000 -0.494080 66848.000000 0.038757
67297.000000 0.025330 67363.000000 -0.039673 67436.000000 1.569520 67461.000000 -0.459900 0.000000 0.000000
###END DATA WAVES
###BEGIN DATA HEARTBEAT
66.000000
72.000000
72.000000
78.000000
72.000000
78.000000
###END DATA HEARTBEAT
###BEGIN PAS
10.000000
###END PAS
