ECG11.txt

79.090909
95.931034
271.206897
58.689655
###BEGIN DATA WAVES
59.000000 0.038147 92.000000 -0.083008 175.000000 1.307680 201.000000 -0.546265 380.000000 0.038757
810.000000 0.035095 864.000000 -0.133362 940.000000 1.333310 966.000000 -0.598755 1138.000000 0.015564
1567.000000 0.034485 1643.000000 -0.110168 1695.000000 1.380620 1722.000000 -0.574341 1891.000000 0.028687
2296.000000 0.073853 2351.000000 -0.071106 2425.000000 1.401980 2451.000000 -0.539856 2606.000000 0.088806
3056.000000 0.093689 3109.000000 -0.049133 3186.000000 1.447450 3212.000000 -0.506287 3373.000000 0.160828
3871.000000 0.070496 3938.000000 -0.057983 3998.000000 1.389770 4024.000000 -0.529785 4231.000000 0.067139
4714.000000 0.047913 4746.000000 -0.069275 4821.000000 1.376340 4847.000000 -0.534973 5049.000000 0.066223
5506.000000 0.054016 5552.000000 -0.053406 5632.000000 1.358030 5658.000000 -0.582886 5833.000000 -0.008240
6282.000000 -0.013733 6335.000000 -0.142517 6406.000000 1.318360 6432.000000 -0.618591 6600.000000 -0.003967
7013.000000 0.014343 7076.000000 -0.112305 7140.000000 1.355590 7167.000000 -0.591125 7342.000000 0.048218
7726.000000 0.064392 7799.000000 -0.077210 7855.000000 1.362920 7881.000000 -0.554199 8152.000000 0.111389
8441.000000 0.097351 8489.000000 -0.047607 8571.000000 1.382750 8597.000000 -0.538330 8789.000000 0.070190
9174.000000 0.054932 9232.000000 -0.093689 9305.000000 1.350710 9331.000000 -0.527649 9504.000000 0.116882
9925.000000 0.007324 10002.000000 -0.104065 10059.000000 1.287840 10086.000000 -0.574036 10257.000000 0.039368
10671.000000 -0.023193 10734.000000 -0.150146 10800.000000 1.273500 10827.000000 -0.608826 10990.000000 -0.010986
11381.000000 0.014954 11428.000000 -0.112610 11512.000000 1.323850 11538.000000 -0.626221 11729.000000 0.002747
12070.000000 0.016785 12112.000000 -0.093079 12196.000000 1.388240 12223.000000 -0.593872 12398.000000 0.055237
12743.000000 0.145569 12827.000000 -0.028687 12903.000000 1.420290 12929.000000 -0.555115 13120.000000 0.038452
13513.000000 0.170593 13579.000000 -0.003357 13651.000000 1.387940 13678.000000 -0.548096 13942.000000 0.053711
14354.000000 0.028381 14377.000000 -0.061951 14452.000000 1.383670 14478.000000 -0.472717 14671.000000 0.191650
15149.000000 0.028992 15199.000000 -0.077515 15275.000000 1.404720 15301.000000 -0.474854 15477.000000 0.180054
15966.000000 0.017700 16025.000000 -0.146484 16095.000000 1.304930 16121.000000 -0.657654 16272.000000 -0.058899
17493.000000 -0.067444 17539.000000 -0.185242 17612.000000 1.305240 17639.000000 -0.648804 17818.000000 0.014954
18207.000000 0.064087 18284.000000 -0.092163 18332.000000 1.376040 18358.000000 -0.599365 18531.000000 0.038147
18955.000000 0.085144 19019.000000 -0.050964 19084.000000 1.403200 19110.000000 -0.560608 19294.000000 0.068359
19739.000000 0.079651 19802.000000 -0.066528 19874.000000 1.384580 19900.000000 -0.523071 20094.000000 0.054321
20539.000000 0.097351 20638.000000 -0.040588 20690.000000 1.365050 20717.000000 -0.517578 20893.000000 0.058899
21386.000000 0.046692 21444.000000 -0.074768 21516.000000 1.364140 21542.000000 -0.524292 21726.000000 0.083313
22171.000000 0.014954 22244.000000 -0.125427 22299.000000 1.318050 22325.000000 -0.598755 0.000000 0.000000
###END DATA WAVES
###BEGIN DATA HEARTBEAT
84.000000
72.000000
84.000000
72.000000
0.000000
0.000000
0.000000
0.000000
0.000000
0.000000
0.000000
0.000000
0.000000
0.000000
0.000000
0.000000
0.000000
0.000000
0.000000
0.000000
0.000000
0.000000
0.000000
0.000000
0.000000
0.000000
0.000000
0.000000
0.000000
0.000000
###END DATA HEARTBEAT
###BEGIN PAS
5.000000
###END PAS
