ECG10.txt

83.157895
88.303797
284.759494
87.746835
###BEGIN DATA WAVES
1002.000000 -0.000610 1095.000000 -0.310669 1128.000000 1.501770 1158.000000 -0.350952 1457.000000 -0.028687
1556.000000 0.172729 1645.000000 -0.218811 1679.000000 1.635440 1738.000000 -0.228882 2038.000000 0.155029
2113.000000 0.258179 2201.000000 -0.129089 2234.000000 1.659240 2265.000000 -0.123901 2448.000000 0.109253
2676.000000 0.229187 2764.000000 -0.119324 2798.000000 1.600950 2857.000000 -0.161743 3156.000000 0.112000
3230.000000 0.261230 3320.000000 -0.130310 3354.000000 1.574100 3416.000000 -0.177917 3715.000000 0.053406
3790.000000 0.170898 3881.000000 -0.173645 3916.000000 1.567990 3948.000000 -0.188599 4138.000000 0.069885
4370.000000 0.238037 4462.000000 -0.119934 4496.000000 1.653140 4560.000000 -0.184937 4714.000000 0.030823
4982.000000 0.121765 5071.000000 -0.238342 5105.000000 1.565250 5136.000000 -0.307617 5435.000000 0.000000
5726.000000 0.106812 5808.000000 -0.057678 5842.000000 1.718440 5901.000000 -0.104675 6200.000000 0.135803
6489.000000 0.213318 6577.000000 -0.009766 6612.000000 1.736450 6673.000000 -0.060120 6843.000000 0.180664
7163.000000 0.218811 7250.000000 -0.036316 7285.000000 1.668090 7317.000000 -0.052185 7501.000000 0.171814
7799.000000 0.119324 7885.000000 -0.114136 7919.000000 1.532290 7951.000000 -0.205383 8138.000000 -0.022888
8395.000000 0.014038 8480.000000 -0.209656 8514.000000 1.503910 8572.000000 -0.263977 8727.000000 -0.033264
8962.000000 0.052490 9050.000000 -0.263672 9084.000000 1.540530 9147.000000 -0.298157 9309.000000 -0.110168
10728.000000 -0.006714 10815.000000 -0.232544 10850.000000 1.566770 10880.000000 -0.238342 11179.000000 0.112610
11453.000000 0.211792 11538.000000 0.021667 11573.000000 1.728520 11643.000000 -0.021973 11796.000000 0.201416
12115.000000 0.265503 12201.000000 0.036621 12236.000000 1.711120 12295.000000 -0.006714 12594.000000 0.213318
12758.000000 0.331726 12846.000000 0.063782 12880.000000 1.788330 12949.000000 -0.018616 13067.000000 0.163269
14770.000000 0.243530 14856.000000 0.019226 14892.000000 1.828000 14922.000000 0.001221 15112.000000 0.336304
15482.000000 0.478821 15570.000000 0.207520 15604.000000 1.953120 15664.000000 0.183105 15826.000000 0.404663
16171.000000 0.393982 16258.000000 0.169983 16292.000000 1.849060 16350.000000 0.094604 16521.000000 0.298462
16829.000000 0.307007 16914.000000 0.039368 16949.000000 1.746220 17009.000000 -0.022888 17159.000000 0.174255
17449.000000 0.155334 17537.000000 -0.103455 17572.000000 1.647030 17658.000000 -0.144653 17766.000000 0.071106
18072.000000 0.095520 18160.000000 -0.135498 18195.000000 1.634520 18256.000000 -0.174255 18418.000000 0.101013
18689.000000 0.153809 18780.000000 -0.116882 18815.000000 1.714480 18876.000000 -0.166626 19033.000000 0.053406
19303.000000 0.085449 19394.000000 -0.246887 19429.000000 1.557010 19491.000000 -0.317688 19653.000000 -0.050049
19932.000000 0.055237 20020.000000 -0.292969 20054.000000 1.498720 20119.000000 -0.303650 20418.000000 -0.035706
20534.000000 0.096130 20624.000000 -0.208435 20658.000000 1.530150 20723.000000 -0.252075 21014.000000 0.027771
21113.000000 0.169678 21201.000000 -0.155334 21235.000000 1.571660 21290.000000 -0.172119 21452.000000 0.065918
21688.000000 0.186768 21777.000000 -0.184021 21812.000000 1.578060 21872.000000 -0.260620 22033.000000 -0.098572
23027.000000 0.082092 23111.000000 -0.043335 23147.000000 1.753230 23177.000000 -0.079651 23372.000000 0.270081
23947.000000 0.373230 24026.000000 0.202026 24061.000000 1.969600 24148.000000 0.134888 24282.000000 0.352173
24733.000000 0.303955 24777.000000 0.148621 24851.000000 1.883540 24918.000000 0.066223 25071.000000 0.244751
25431.000000 0.160522 25517.000000 -0.063782 25551.000000 1.667180 25605.000000 -0.146179 25758.000000 0.101624
26081.000000 0.129089 26168.000000 -0.157776 26203.000000 1.596070 26260.000000 -0.252991 26417.000000 -0.095215
27319.000000 -0.206299 27402.000000 -0.355530 27437.000000 1.491090 27467.000000 -0.369873 27646.000000 -0.057373
27934.000000 0.036926 28019.000000 -0.229797 28053.000000 1.575620 28084.000000 -0.252380 28277.000000 0.008545
28530.000000 0.131531 28616.000000 -0.177612 28651.000000 1.559450 28719.000000 -0.210266 28878.000000 0.050354
29109.000000 0.195312 29199.000000 -0.152283 29234.000000 1.583560 29284.000000 -0.179443 29457.000000 0.049133
29676.000000 0.201111 29766.000000 -0.140076 29801.000000 1.646730 29859.000000 -0.169983 30014.000000 0.061340
30268.000000 0.110168 30358.000000 -0.265808 30392.000000 1.489560 30469.000000 -0.392761 30603.000000 -0.205383
31806.000000 0.163269 31884.000000 0.007629 31920.000000 1.802060 31950.000000 -0.014038 32171.000000 0.245056
32667.000000 0.275574 32752.000000 0.088196 32787.000000 1.832280 32848.000000 0.050354 33003.000000 0.239258
33412.000000 0.183411 33496.000000 -0.025330 33530.000000 1.678160 33604.000000 -0.115051 33748.000000 0.095825
34100.000000 0.100403 34185.000000 -0.170288 34221.000000 1.587520 34281.000000 -0.202332 34415.000000 0.021667
34740.000000 0.080566 34827.000000 -0.172729 34863.000000 1.625060 34926.000000 -0.199585 35084.000000 0.077210
35351.000000 -0.026550 35437.000000 -0.254517 35471.000000 1.559450 35502.000000 -0.318298 35670.000000 -0.137024
35939.000000 -0.093384 36031.000000 -0.372009 36065.000000 1.481630 36120.000000 -0.399475 36270.000000 -0.090332
36526.000000 0.059204 36617.000000 -0.275574 36651.000000 1.611330 36682.000000 -0.262756 36895.000000 0.009766
37110.000000 0.162964 37201.000000 -0.179138 37234.000000 1.619260 37290.000000 -0.186462 37580.000000 0.102234
37695.000000 0.196228 37783.000000 -0.160217 37817.000000 1.593320 37880.000000 -0.204773 38045.000000 0.025024
38270.000000 0.148010 38362.000000 -0.221558 38396.000000 1.563110 38452.000000 -0.233765 38620.000000 -0.037231
38861.000000 0.105896 38951.000000 -0.273743 38985.000000 1.556090 39041.000000 -0.301819 39213.000000 -0.038452
39467.000000 0.078430 39556.000000 -0.274353 39591.000000 1.540220 39656.000000 -0.323486 39825.000000 -0.072327
40119.000000 0.002747 40210.000000 -0.328064 40245.000000 1.463320 40318.000000 -0.390015 40455.000000 -0.127563
42684.000000 0.013428 42770.000000 -0.303955 42805.000000 1.442570 42856.000000 -0.332642 43024.000000 -0.088501
43259.000000 0.018616 43350.000000 -0.328369 43384.000000 1.516420 43414.000000 -0.331421 43616.000000 -0.032959
43844.000000 0.113831 43933.000000 -0.250854 43968.000000 1.616520 43999.000000 -0.298462 44198.000000 -0.094910
44442.000000 -0.028381 44534.000000 -0.390015 44568.000000 1.462100 44627.000000 -0.450439 44926.000000 -0.185852
45074.000000 -0.008850 45161.000000 -0.351868 45195.000000 1.454160 45226.000000 -0.374451 45525.000000 -0.064392
45709.000000 0.137634 45798.000000 -0.211182 45833.000000 1.552430 45863.000000 -0.207825 46049.000000 0.020752
46331.000000 0.162659 46421.000000 -0.176697 46455.000000 1.553340 46518.000000 -0.223694 46698.000000 0.007629
46944.000000 0.143127 47032.000000 -0.196838 47066.000000 1.502380 47125.000000 -0.240479 47298.000000 0.000305
47565.000000 0.142212 47655.000000 -0.208130 47690.000000 1.573180 47720.000000 -0.216370 47908.000000 0.055237
48215.000000 0.152588 48306.000000 -0.190125 48341.000000 1.611630 48399.000000 -0.232239 48563.000000 0.003967
48911.000000 0.100708 49001.000000 -0.243530 49035.000000 1.554260 49096.000000 -0.312805 49260.000000 -0.047302
49632.000000 0.028992 49720.000000 -0.299683 49755.000000 1.496280 49817.000000 -0.339966 49985.000000 -0.050659
50275.000000 0.070190 50365.000000 -0.258789 50399.000000 1.458130 50453.000000 -0.286560 50634.000000 -0.052185
50890.000000 0.066834 50981.000000 -0.237122 51015.000000 1.483460 51073.000000 -0.292969 51241.000000 -0.033569
51477.000000 0.071411 51569.000000 -0.250244 51604.000000 1.581420 51635.000000 -0.239563 51833.000000 0.036011
52069.000000 0.158691 52158.000000 -0.180664 52193.000000 1.645810 52251.000000 -0.217590 52407.000000 0.030823
52659.000000 0.057373 52749.000000 -0.306702 52783.000000 1.568600 52813.000000 -0.332031 53112.000000 -0.068665
53254.000000 0.102844 53343.000000 -0.231018 53377.000000 1.576230 53448.000000 -0.246277 53729.000000 0.091248
53837.000000 0.219421 53930.000000 -0.106506 53963.000000 1.661380 54025.000000 -0.121765 54324.000000 0.132141
54413.000000 0.234985 54506.000000 -0.064392 54539.000000 1.660770 54602.000000 -0.113831 54776.000000 0.110168
54988.000000 0.193481 55074.000000 -0.125732 55109.000000 1.660770 55164.000000 -0.147705 55463.000000 0.036011
55567.000000 0.165405 55658.000000 -0.179443 55692.000000 1.641540 55755.000000 -0.204773 55924.000000 0.056458
56178.000000 0.162964 56271.000000 -0.198364 56305.000000 1.626590 56372.000000 -0.270386 56526.000000 -0.037842
56848.000000 0.076904 56938.000000 -0.251770 56973.000000 1.558230 57003.000000 -0.277100 57302.000000 0.049439
###END DATA WAVES
###BEGIN DATA HEARTBEAT
84.000000
84.000000
60.000000
84.000000
84.000000
84.000000
72.000000
96.000000
60.000000
96.000000
96.000000
###END DATA HEARTBEAT
###BEGIN PAS
5.000000
###END PAS
