ECG2.txt

81.176471
142.260870
373.376812
59.130435
###BEGIN DATA WAVES
265.000000 0.027466 306.000000 -0.038452 427.000000 0.414124 454.000000 -0.180664 684.000000 0.085144
1010.000000 0.029602 1091.000000 -0.038757 1174.000000 0.415039 1201.000000 -0.196228 1440.000000 0.067444
1830.000000 0.027161 1875.000000 -0.046387 1997.000000 0.427856 2023.000000 -0.203857 2264.000000 0.071106
2697.000000 0.028381 2761.000000 -0.046692 2870.000000 0.430298 2897.000000 -0.208435 3127.000000 0.073242
3559.000000 0.027466 3650.000000 -0.036316 3763.000000 0.433350 3790.000000 -0.197754 4027.000000 0.076904
4431.000000 0.030823 4482.000000 -0.029907 4599.000000 0.456238 4625.000000 -0.169678 4867.000000 0.074158
5231.000000 0.016480 5286.000000 -0.039062 5387.000000 0.426636 5413.000000 -0.190735 5659.000000 0.082703
6056.000000 0.030823 6111.000000 -0.033264 6219.000000 0.433655 6244.000000 -0.209351 6480.000000 0.069580
6895.000000 0.025024 6956.000000 -0.038452 7052.000000 0.423279 7078.000000 -0.195007 7322.000000 0.072022
7729.000000 0.035095 7776.000000 -0.035095 7894.000000 0.426941 7920.000000 -0.176697 8159.000000 0.085144
8527.000000 0.033264 8589.000000 -0.027771 8691.000000 0.443726 8717.000000 -0.172119 8959.000000 0.068665
9312.000000 0.028076 9397.000000 -0.048523 9474.000000 0.424194 9501.000000 -0.204163 9735.000000 0.068970
10151.000000 0.020142 10205.000000 -0.040283 10319.000000 0.429688 10346.000000 -0.208435 10590.000000 0.070496
11049.000000 0.024109 11100.000000 -0.036316 11218.000000 0.419617 11244.000000 -0.196838 11471.000000 0.071106
11989.000000 0.012512 12079.000000 -0.027466 12145.000000 0.443726 12172.000000 -0.194397 12411.000000 0.067444
12819.000000 0.024414 12867.000000 -0.030823 12983.000000 0.451965 13008.000000 -0.174866 13257.000000 0.084228
13613.000000 0.023498 13701.000000 -0.031128 13811.000000 0.428162 13837.000000 -0.190125 14076.000000 0.076599
14518.000000 0.021973 14595.000000 -0.028992 14700.000000 0.432739 14726.000000 -0.213318 14972.000000 0.072327
15416.000000 0.021362 15500.000000 -0.033264 15620.000000 0.431213 15646.000000 -0.193787 15884.000000 0.085449
16326.000000 0.027771 16392.000000 -0.030212 16495.000000 0.452576 16521.000000 -0.176392 16769.000000 0.068665
17150.000000 0.015564 17214.000000 -0.034180 17316.000000 0.428467 17343.000000 -0.183716 17578.000000 0.072022
18007.000000 0.025940 18056.000000 -0.036926 18171.000000 0.421448 18197.000000 -0.199890 18442.000000 0.075378
18856.000000 0.018921 18921.000000 -0.036316 19037.000000 0.419312 19063.000000 -0.198975 19309.000000 0.075684
19649.000000 0.035400 19725.000000 -0.035095 19839.000000 0.435181 19866.000000 -0.151978 20110.000000 0.065918
20426.000000 0.015564 20495.000000 -0.041809 20610.000000 0.413208 20637.000000 -0.198669 20862.000000 0.067749
21237.000000 0.032044 21297.000000 -0.041199 21407.000000 0.419922 21433.000000 -0.200806 21663.000000 0.075989
21915.000000 -0.010376 21993.000000 -0.025330 22035.000000 0.430603 22061.000000 -0.173950 22300.000000 0.070190
22673.000000 0.014954 22760.000000 -0.033264 22863.000000 0.423889 22889.000000 -0.206604 23122.000000 0.063477
23547.000000 0.022888 23589.000000 -0.032959 23705.000000 0.414734 23731.000000 -0.202026 23968.000000 0.067749
24378.000000 0.021973 24460.000000 -0.029907 24570.000000 0.429688 24596.000000 -0.175476 24844.000000 0.080566
25195.000000 0.029602 25269.000000 -0.027771 25357.000000 0.435486 25383.000000 -0.164795 25623.000000 0.072022
26011.000000 0.020447 26051.000000 -0.042419 26166.000000 0.423889 26193.000000 -0.205994 26423.000000 0.075073
26814.000000 0.027771 26885.000000 -0.035400 26998.000000 0.423889 27024.000000 -0.203552 27251.000000 0.079651
27659.000000 0.017395 27724.000000 -0.043030 27822.000000 0.432434 27848.000000 -0.188599 28085.000000 0.065918
28394.000000 0.020142 28478.000000 -0.038757 28559.000000 0.427856 28586.000000 -0.173645 28818.000000 0.077210
29792.000000 0.322571 29873.000000 -0.632935 30012.000000 0.397949 30109.000000 -0.604553 30394.000000 1.094360
30024.000000 -0.082703 30123.000000 -0.589600 30265.000000 0.677185 30290.000000 0.380554 30418.000000 1.175840
30265.000000 0.677185 30290.000000 0.380554 30418.000000 1.175840 30592.000000 -0.929565 30866.000000 1.212160
30718.000000 -0.215759 30749.000000 -0.831604 30866.000000 1.212160 31056.000000 0.602417 31279.000000 1.117250
31157.000000 0.676880 31216.000000 0.119934 31233.000000 0.516357 31427.000000 -0.213318 31525.000000 0.721130
31233.000000 0.516357 31250.000000 0.376892 31279.000000 1.117250 31434.000000 -0.178833 31733.000000 0.255432
31345.000000 0.241089 31427.000000 -0.213318 31525.000000 0.721130 31659.000000 -1.215820 31811.000000 0.636902
31560.000000 0.596619 31659.000000 -1.215820 31777.000000 0.574341 31926.000000 -0.571289 32066.000000 0.030212
31777.000000 0.574341 31796.000000 0.350952 31811.000000 0.636902 31981.000000 -0.268555 32280.000000 -0.220337
33656.000000 0.093994 33755.000000 0.006714 33791.000000 0.462952 33818.000000 -0.164185 34062.000000 0.097961
34294.000000 0.084228 34349.000000 0.010681 34445.000000 0.458069 34472.000000 -0.226440 34720.000000 0.082397
35590.000000 0.024719 35649.000000 -0.068054 35740.000000 0.407410 35767.000000 -0.192261 36012.000000 0.082092
36223.000000 0.049133 36279.000000 -0.045776 36379.000000 0.419312 36406.000000 -0.170288 36661.000000 0.051880
36876.000000 0.032044 36904.000000 -0.051880 37023.000000 0.414734 37049.000000 -0.199280 37271.000000 0.086060
37516.000000 0.038147 37553.000000 -0.052795 37677.000000 0.411987 37703.000000 -0.201416 37949.000000 0.079956
38186.000000 0.024719 38255.000000 -0.066834 38339.000000 0.425415 38365.000000 -0.190735 38616.000000 0.050659
38857.000000 0.036316 38909.000000 -0.054627 39014.000000 0.401001 39040.000000 -0.208130 39271.000000 0.070190
39546.000000 0.049744 39574.000000 -0.049133 39696.000000 0.405273 39724.000000 -0.192871 39971.000000 0.083618
40220.000000 0.034485 40278.000000 -0.056458 40369.000000 0.413818 40396.000000 -0.151672 40630.000000 0.068665
40878.000000 0.036011 40908.000000 -0.053711 41025.000000 0.405273 41052.000000 -0.170593 41271.000000 0.063477
41537.000000 0.040588 41606.000000 -0.070190 41687.000000 0.418701 41713.000000 -0.219116 41951.000000 0.061951
42217.000000 0.007019 42256.000000 -0.070496 42368.000000 0.401917 42393.000000 -0.226746 42627.000000 0.058289
42924.000000 0.038147 42964.000000 -0.042419 43075.000000 0.427246 43103.000000 -0.213013 43343.000000 0.081787
43627.000000 0.039978 43675.000000 -0.061340 43788.000000 0.412903 43815.000000 -0.166016 44052.000000 0.075378
44322.000000 0.047913 44357.000000 -0.057678 44477.000000 0.407410 44503.000000 -0.191956 44736.000000 0.057068
45034.000000 0.024719 45080.000000 -0.049439 45183.000000 0.406799 45210.000000 -0.200500 45445.000000 0.073853
45780.000000 0.012512 45829.000000 -0.047607 45936.000000 0.406799 45961.000000 -0.221252 46207.000000 0.074463
46580.000000 0.028076 46623.000000 -0.045166 46735.000000 0.416260 46761.000000 -0.162964 47009.000000 0.093079
47303.000000 0.034485 47355.000000 -0.042725 47464.000000 0.426331 47491.000000 -0.180359 47734.000000 0.072022
47982.000000 0.028687 48074.000000 -0.057068 48176.000000 0.421753 48202.000000 -0.191956 48438.000000 0.068970
48743.000000 0.028381 48785.000000 -0.068970 48896.000000 0.421143 48922.000000 -0.205383 49158.000000 0.077820
49485.000000 0.027161 49522.000000 -0.055237 49649.000000 0.399475 49676.000000 -0.233765 49901.000000 0.064087
50283.000000 0.019836 50335.000000 -0.045471 50455.000000 0.409546 50480.000000 -0.222168 50698.000000 0.066834
51092.000000 0.026245 51143.000000 -0.032349 51262.000000 0.419617 0.000000 0.000000 0.000000 0.000000
###END DATA WAVES
###BEGIN DATA HEARTBEAT
72.000000
72.000000
72.000000
72.000000
72.000000
60.000000
132.000000
84.000000
84.000000
84.000000
###END DATA HEARTBEAT
###BEGIN PAS
5.000000
###END PAS
