ECG3.txt

48.000000
91.634615
287.711538
72.653846
###BEGIN DATA WAVES
487.000000 0.054016 525.000000 -0.039978 622.000000 0.659790 646.000000 -0.202026 842.000000 0.161133
1241.000000 0.084534 1340.000000 -0.021362 1375.000000 0.681152 1399.000000 -0.225525 1594.000000 0.151978
2128.000000 0.048523 2173.000000 -0.044250 2269.000000 0.671997 2293.000000 -0.246582 2491.000000 0.157166
3127.000000 0.084839 3226.000000 -0.007324 3263.000000 0.691223 3286.000000 -0.226440 3489.000000 0.166016
4060.000000 0.031433 4159.000000 -0.065308 4196.000000 0.663147 4220.000000 -0.263062 4424.000000 0.114746
4935.000000 0.045776 4991.000000 -0.076294 5079.000000 0.650635 5102.000000 -0.282288 5302.000000 0.115967
7511.000000 0.061951 7569.000000 -0.038452 7649.000000 0.690002 7673.000000 -0.218506 7880.000000 0.156555
8308.000000 0.034790 8407.000000 -0.045776 8448.000000 0.653076 8471.000000 -0.256958 8663.000000 0.161133
9193.000000 0.064087 9292.000000 -0.021973 9326.000000 0.676270 9350.000000 -0.231628 9549.000000 0.167542
10090.000000 0.060425 10172.000000 -0.031738 10227.000000 0.680237 10251.000000 -0.224609 10440.000000 0.141296
10950.000000 0.059509 11005.000000 -0.039673 11087.000000 0.674438 11111.000000 -0.231323 11312.000000 0.149841
11869.000000 0.053711 11913.000000 -0.031738 12006.000000 0.667114 12030.000000 -0.238953 12239.000000 0.166321
12818.000000 0.062866 12917.000000 -0.045471 12953.000000 0.650024 12977.000000 -0.249634 13185.000000 0.144653
13679.000000 0.048218 13746.000000 -0.059814 13821.000000 0.656128 13845.000000 -0.241394 14050.000000 0.117493
14529.000000 0.049133 14568.000000 -0.060730 14668.000000 0.661011 14691.000000 -0.263977 14899.000000 0.129395
15403.000000 0.059204 15474.000000 -0.051575 15541.000000 0.650940 15564.000000 -0.260620 15768.000000 0.152283
16276.000000 0.075378 16346.000000 -0.049133 16413.000000 0.679016 16437.000000 -0.234985 16647.000000 0.153809
17060.000000 0.086975 17117.000000 -0.023193 17201.000000 0.703735 17225.000000 -0.202637 17426.000000 0.163879
18891.000000 0.187378 18990.000000 0.080872 19025.000000 0.762939 19049.000000 -0.148621 19255.000000 0.210876
21470.000000 0.043335 21507.000000 -0.079346 21607.000000 0.657654 21631.000000 -0.258179 21839.000000 0.121155
22361.000000 0.110168 22436.000000 -0.021362 22500.000000 0.671692 22524.000000 -0.234070 22730.000000 0.160522
23119.000000 0.061340 23181.000000 -0.054016 23259.000000 0.659790 23283.000000 -0.226746 23482.000000 0.130920
23814.000000 0.064087 23876.000000 -0.054932 23954.000000 0.656128 23978.000000 -0.234985 24180.000000 0.137939
24535.000000 0.071716 24601.000000 -0.045776 24679.000000 0.658569 24703.000000 -0.250549 24898.000000 0.139465
26811.000000 0.040283 26910.000000 -0.086975 26949.000000 0.654602 26971.000000 -0.258179 27200.000000 0.134277
27543.000000 0.282593 27558.000000 -0.232239 27641.000000 1.109010 27721.000000 -0.158081 27762.000000 0.587158
29380.000000 0.362244 29461.000000 0.038757 29495.000000 0.788574 29554.000000 -0.085754 29717.000000 0.204773
29968.000000 0.145264 30067.000000 0.004272 30120.000000 0.736084 30143.000000 -0.210266 30344.000000 0.154419
30602.000000 0.060120 30655.000000 -0.071106 30745.000000 0.661316 30769.000000 -0.257263 30976.000000 0.161133
31264.000000 0.149841 31363.000000 0.023193 31397.000000 0.712891 31421.000000 -0.216064 31634.000000 0.181885
31904.000000 0.147705 31989.000000 0.016785 32056.000000 0.724182 32080.000000 -0.190735 32277.000000 0.180969
32544.000000 0.119934 32643.000000 -0.023804 32677.000000 0.687561 32701.000000 -0.202332 32910.000000 0.132751
33115.000000 0.111084 33160.000000 0.003052 33255.000000 0.730286 33278.000000 -0.134277 33473.000000 0.113525
44209.000000 0.038757 44308.000000 -0.059204 44344.000000 0.649414 44368.000000 -0.267639 44577.000000 0.097656
45797.000000 0.043335 45858.000000 -0.056152 45938.000000 0.648193 45961.000000 -0.254517 46179.000000 0.090637
50884.000000 0.035706 50966.000000 -0.065308 51031.000000 0.652161 51055.000000 -0.274963 51264.000000 0.090027
51736.000000 0.033875 51795.000000 -0.080566 51879.000000 0.681458 51903.000000 -0.252075 52115.000000 0.080566
52600.000000 0.057678 52673.000000 -0.036316 52747.000000 0.688782 52771.000000 -0.234680 52979.000000 0.126343
53489.000000 0.033569 53588.000000 -0.039368 53625.000000 0.668335 53648.000000 -0.252991 53858.000000 0.110168
54304.000000 0.003357 54403.000000 -0.065613 54436.000000 0.655823 54460.000000 -0.249329 54669.000000 0.099793
55061.000000 0.022583 55126.000000 -0.076294 55206.000000 0.663757 55229.000000 -0.261536 55437.000000 0.119629
56664.000000 0.019531 56731.000000 -0.072937 56813.000000 0.650940 56837.000000 -0.274353 57048.000000 0.104370
57472.000000 0.039978 57532.000000 -0.048218 57618.000000 0.691223 57642.000000 -0.226440 57848.000000 0.120239
58327.000000 0.039978 58395.000000 -0.054321 58471.000000 0.677185 58495.000000 -0.270081 58702.000000 0.126953
59241.000000 0.022278 59340.000000 -0.053711 59379.000000 0.652161 59402.000000 -0.273438 59605.000000 0.111694
60124.000000 0.005188 60163.000000 -0.071716 60267.000000 0.648499 60291.000000 -0.250244 60495.000000 0.089111
60950.000000 -0.013123 61049.000000 -0.075073 61083.000000 0.686951 61107.000000 -0.252075 61317.000000 0.111389
61803.000000 0.000305 61857.000000 -0.071716 61958.000000 0.666504 61982.000000 -0.261841 62194.000000 0.119324
62737.000000 0.023804 62783.000000 -0.052490 62882.000000 0.652771 62905.000000 -0.267944 63114.000000 0.143738
63664.000000 0.038147 63722.000000 -0.052795 63808.000000 0.661011 63832.000000 -0.234985 64042.000000 0.115356
64527.000000 0.007019 64627.000000 -0.057678 64661.000000 0.680237 64685.000000 -0.246582 64894.000000 0.125427
65363.000000 0.016480 65462.000000 -0.062561 65506.000000 0.666199 65530.000000 -0.255127 0.000000 0.000000
###END DATA WAVES
###BEGIN DATA HEARTBEAT
60.000000
48.000000
72.000000
48.000000
60.000000
36.000000
72.000000
12.000000
12.000000
12.000000
48.000000
60.000000
72.000000
###END DATA HEARTBEAT
###BEGIN PAS
5.000000
###END PAS
