ECG4.txt

63.103448
99.180328
278.983607
68.786885
###BEGIN DATA WAVES
646.000000 0.043335 742.000000 -0.029602 776.000000 0.373840 799.000000 -0.348511 980.000000 0.086975
1370.000000 0.018311 1444.000000 -0.044861 1515.000000 0.390015 1537.000000 -0.332947 1722.000000 0.077820
2123.000000 0.025635 2192.000000 -0.032654 2263.000000 0.392456 2286.000000 -0.339661 2478.000000 0.096741
3015.000000 0.015869 3082.000000 -0.044250 3175.000000 0.408630 3198.000000 -0.302124 3393.000000 0.060425
3920.000000 0.003967 4015.000000 -0.053406 4046.000000 0.365601 4069.000000 -0.350952 4264.000000 0.059204
4727.000000 0.041809 4826.000000 -0.039673 4905.000000 0.404053 4929.000000 -0.361633 5135.000000 0.053406
5870.000000 0.045166 5937.000000 -0.022278 6021.000000 0.408936 6043.000000 -0.347595 6227.000000 0.047607
6860.000000 0.007629 6941.000000 -0.039062 7013.000000 0.415955 7037.000000 -0.315552 7245.000000 0.080872
7770.000000 0.017700 7839.000000 -0.045166 7915.000000 0.411987 7938.000000 -0.343018 8143.000000 0.074158
8707.000000 0.047913 8742.000000 -0.000916 8850.000000 0.428772 8873.000000 -0.321045 9075.000000 0.058899
9592.000000 0.075684 9679.000000 -0.026550 9726.000000 0.410156 9748.000000 -0.317078 9963.000000 0.038757
10437.000000 0.031738 10512.000000 -0.015869 10544.000000 0.397034 10567.000000 -0.352783 10764.000000 0.066528
11227.000000 0.044556 11295.000000 -0.037537 11371.000000 0.391541 11394.000000 -0.333862 11594.000000 0.077515
12126.000000 0.010681 12146.000000 -0.024719 12257.000000 0.391235 12280.000000 -0.358887 12486.000000 0.087280
12920.000000 0.015259 13019.000000 -0.032044 13052.000000 0.402222 13074.000000 -0.317993 13197.000000 0.092468
13764.000000 0.042725 13863.000000 -0.032044 13960.000000 0.413208 13983.000000 -0.341187 14188.000000 0.017395
14773.000000 -0.000916 14833.000000 -0.046387 14907.000000 0.420837 14931.000000 -0.333862 15138.000000 0.069275
15591.000000 0.053406 15690.000000 0.018616 15723.000000 0.447998 15746.000000 -0.308228 15949.000000 0.075378
16464.000000 0.050659 16530.000000 -0.025940 16608.000000 0.415649 16631.000000 -0.343933 16837.000000 0.028687
17288.000000 0.000916 17365.000000 -0.049744 17447.000000 0.393677 17470.000000 -0.315247 17681.000000 0.063782
18083.000000 0.035095 18146.000000 -0.025635 18220.000000 0.406799 18243.000000 -0.352783 18452.000000 0.076599
18981.000000 0.046081 19038.000000 -0.019226 19113.000000 0.458984 19137.000000 -0.295410 19339.000000 0.041504
19965.000000 0.028992 20027.000000 -0.067139 20111.000000 0.400391 20134.000000 -0.327759 20304.000000 0.032044
20855.000000 0.036621 20944.000000 -0.007629 21000.000000 0.403442 21024.000000 -0.349426 21217.000000 0.054932
21686.000000 0.020142 21758.000000 -0.033875 21830.000000 0.414429 21853.000000 -0.325928 22042.000000 0.066528
22567.000000 0.024719 22599.000000 -0.010071 22715.000000 0.485229 22738.000000 -0.232849 22801.000000 0.096741
23699.000000 0.004578 23755.000000 -0.044250 23851.000000 0.396729 23874.000000 -0.332031 24024.000000 0.069580
24382.000000 0.040283 24447.000000 -0.045166 24526.000000 0.439148 24548.000000 -0.276184 24759.000000 0.118103
25158.000000 -0.014954 25238.000000 -0.088501 25309.000000 0.403137 25332.000000 -0.335693 25528.000000 0.024719
25846.000000 0.029907 25903.000000 -0.009766 25994.000000 0.445251 26018.000000 -0.281982 26201.000000 0.123291
26556.000000 0.012512 26597.000000 -0.044861 26693.000000 0.395203 26716.000000 -0.334473 26898.000000 -0.004272
27380.000000 0.001526 27398.000000 -0.062256 27432.000000 0.427246 27451.000000 0.023193 27548.000000 9.999690
27432.000000 0.427246 27451.000000 0.023193 27548.000000 9.999690 27633.000000 9.999390 27752.000000 9.999390
29113.000000 7.349240 29114.000000 7.376400 29263.000000 9.999690 29270.000000 9.999080 29281.000000 9.999390
29763.000000 -4.951780 29862.000000 -5.055240 30011.000000 2.182620 30210.000000 -6.655880 30509.000000 -4.389950
36752.000000 0.004883 36821.000000 -0.095215 36891.000000 0.387878 36914.000000 -0.385132 37118.000000 0.004883
37502.000000 -0.035400 37575.000000 -0.109863 37649.000000 0.360413 37672.000000 -0.386047 37837.000000 -0.017395
38335.000000 0.114441 38421.000000 0.011902 38454.000000 0.468140 38477.000000 -0.237122 38587.000000 0.066834
39051.000000 0.026245 39112.000000 -0.069580 39183.000000 0.355530 39206.000000 -0.369568 39407.000000 -0.018616
40471.000000 0.000000 40553.000000 -0.119934 40589.000000 0.367737 40612.000000 -0.344849 40817.000000 0.089722
42052.000000 0.016174 42120.000000 -0.059204 42203.000000 0.408630 42226.000000 -0.293579 42342.000000 0.094299
42796.000000 -0.011291 42853.000000 -0.069275 42944.000000 0.359192 42967.000000 -0.377502 43167.000000 0.028687
43677.000000 0.031433 43737.000000 -0.029602 43817.000000 0.413208 43839.000000 -0.343323 44059.000000 0.048218
44561.000000 -0.001526 44622.000000 -0.044861 44706.000000 0.384827 44729.000000 -0.355835 44924.000000 0.029297
45329.000000 0.057373 45366.000000 -0.032654 45467.000000 0.418396 45490.000000 -0.326233 45689.000000 0.087585
46129.000000 0.076599 46188.000000 -0.053101 46254.000000 0.391235 46277.000000 -0.362549 46463.000000 0.083008
47008.000000 0.014954 47070.000000 -0.061951 47162.000000 0.398560 47185.000000 -0.326538 47362.000000 0.128479
47811.000000 0.018311 47878.000000 -0.081177 47966.000000 0.443115 47989.000000 -0.342407 48209.000000 0.011597
48521.000000 -0.027161 48612.000000 -0.071106 48677.000000 0.418701 48700.000000 -0.324097 48901.000000 0.067139
49394.000000 0.043335 49469.000000 -0.046692 49547.000000 0.401611 49569.000000 -0.340271 49774.000000 0.069580
50281.000000 0.038147 50332.000000 -0.072022 50415.000000 0.367737 50438.000000 -0.348816 50605.000000 0.062866
51054.000000 0.062256 51139.000000 -0.050659 51184.000000 0.424194 51207.000000 -0.328674 51395.000000 0.093994
51800.000000 0.042725 51896.000000 -0.033264 51928.000000 0.418396 51951.000000 -0.331726 52151.000000 0.058594
52743.000000 0.102234 52794.000000 0.012512 52876.000000 0.437317 52899.000000 -0.282593 53070.000000 0.100098
53568.000000 -0.054321 53641.000000 -0.119324 53730.000000 0.356140 53753.000000 -0.367432 53947.000000 0.014343
54299.000000 0.017395 54398.000000 -0.055542 54491.000000 0.412903 54515.000000 -0.319214 54539.000000 0.042725
55236.000000 0.044861 55333.000000 -0.035095 55365.000000 0.392456 55389.000000 -0.308838 55595.000000 0.055237
56100.000000 0.047302 56199.000000 -0.057068 56240.000000 0.416565 56263.000000 -0.337524 56469.000000 0.053406
56868.000000 0.088196 56967.000000 0.000916 57000.000000 0.426025 57023.000000 -0.314331 57224.000000 0.060120
57609.000000 -0.000916 57649.000000 -0.071411 57738.000000 0.414124 57760.000000 -0.365295 57967.000000 0.067749
58593.000000 -0.016785 58678.000000 -0.069275 58741.000000 0.392151 0.000000 0.000000 0.000000 0.000000
###END DATA WAVES
###BEGIN DATA HEARTBEAT
72.000000
60.000000
72.000000
60.000000
72.000000
72.000000
12.000000
48.000000
60.000000
72.000000
72.000000
###END DATA HEARTBEAT
###BEGIN PAS
5.000000
###END PAS
