ECG7.txt

29.538462
89.718750
327.656250
81.218750
###BEGIN DATA WAVES
1317.000000 0.087585 1366.000000 -0.049439 1448.000000 0.501709 1476.000000 -0.212097 1717.000000 0.152893
4397.000000 0.150452 4496.000000 -0.004578 4527.000000 0.525818 4556.000000 -0.152588 4800.000000 0.168762
9243.000000 0.057983 9342.000000 -0.071716 9372.000000 0.480042 9402.000000 -0.203552 9645.000000 0.155945
12466.000000 0.071716 12565.000000 -0.103760 12594.000000 0.484314 12623.000000 -0.245972 12859.000000 0.120544
16466.000000 0.045776 16565.000000 -0.089111 16595.000000 0.478516 16624.000000 -0.237122 16870.000000 0.150757
24710.000000 0.091553 24809.000000 -0.064392 24840.000000 0.519714 24866.000000 -0.251465 25107.000000 0.169678
25477.000000 0.084228 25576.000000 -0.067749 25605.000000 0.519104 25632.000000 -0.245361 25875.000000 0.150757
28567.000000 0.046387 28666.000000 -0.077515 28693.000000 0.481567 28719.000000 -0.261230 28970.000000 0.111694
34006.000000 0.256653 34025.000000 -0.185852 34112.000000 0.742798 34168.000000 0.149841 34391.000000 0.480042
34190.000000 0.357971 34264.000000 0.192871 34391.000000 0.480042 34467.000000 0.255737 34720.000000 0.754395
34586.000000 0.370789 34660.000000 0.155640 34720.000000 0.754395 34748.000000 0.009766 34976.000000 0.306396
35198.000000 0.230713 35297.000000 0.031433 35328.000000 0.621643 35358.000000 -0.098572 35595.000000 0.202637
35828.000000 0.118103 35927.000000 -0.038452 35956.000000 0.511475 35983.000000 -0.196533 36232.000000 0.173645
36489.000000 0.124207 36588.000000 -0.044556 36617.000000 0.484924 36644.000000 -0.229187 36885.000000 0.114441
40084.000000 0.062561 40183.000000 -0.115967 40214.000000 0.494995 40241.000000 -0.255127 40481.000000 0.105286
43103.000000 0.095520 43200.000000 -0.077820 43229.000000 0.535583 43257.000000 -0.209961 43494.000000 0.156860
44728.000000 0.095215 44764.000000 -0.471802 44913.000000 0.482788 44933.000000 -0.249023 45216.000000 0.223389
46719.000000 0.202332 46818.000000 -0.031738 46848.000000 0.531006 46878.000000 -0.137939 47114.000000 0.234375
47325.000000 0.207520 47398.000000 0.039062 47459.000000 0.563049 47486.000000 -0.153503 47704.000000 0.178528
47939.000000 0.136719 48038.000000 -0.037842 48069.000000 0.479736 48095.000000 -0.249939 48311.000000 0.063171
50687.000000 0.049439 50786.000000 -0.098572 50816.000000 0.478821 50844.000000 -0.303345 51081.000000 0.054321
54532.000000 0.111084 54585.000000 -0.038757 54661.000000 0.519104 54692.000000 -0.155945 54936.000000 0.203552
55262.000000 0.317993 55282.000000 0.100403 55370.000000 0.685730 55397.000000 0.053101 55654.000000 0.627136
55460.000000 0.262146 55511.000000 0.178833 55654.000000 0.627136 55768.000000 0.448914 56007.000000 1.119080
55894.000000 0.853882 55980.000000 0.682678 56007.000000 1.119080 56035.000000 0.420227 56069.000000 0.575867
56007.000000 1.119080 56035.000000 0.420227 56065.000000 0.578613 56218.000000 0.435181 56517.000000 0.324707
56112.000000 0.548096 56187.000000 0.444641 56199.000000 0.484924 56360.000000 0.262756 56659.000000 0.623474
56534.000000 0.309753 56633.000000 0.129089 56664.000000 0.690918 56693.000000 -0.075684 56928.000000 0.247192
57201.000000 0.183105 57283.000000 0.016480 57337.000000 0.641479 57365.000000 -0.149231 57601.000000 0.161133
57947.000000 0.107117 58046.000000 -0.030212 58077.000000 0.538025 58104.000000 -0.214233 58352.000000 0.135498
60044.000000 0.049744 60143.000000 -0.103760 60171.000000 0.488586 60198.000000 -0.292053 60439.000000 0.070496
60817.000000 0.021667 60916.000000 -0.137329 60948.000000 0.481567 60975.000000 -0.272217 61214.000000 0.063477
###END DATA WAVES
###BEGIN DATA HEARTBEAT
24.000000
12.000000
12.000000
12.000000
12.000000
24.000000
36.000000
36.000000
36.000000
36.000000
24.000000
96.000000
###END DATA HEARTBEAT
###BEGIN PAS
5.000000
###END PAS
