ECG8.txt

43.000000
123.395349
354.790698
76.279070
###BEGIN DATA WAVES
518.000000 0.007935 580.000000 -0.049744 701.000000 0.348511 726.000000 -0.182190 944.000000 0.130005
1457.000000 0.096130 1556.000000 0.040588 1630.000000 0.407410 1654.000000 -0.087585 1869.000000 0.176697
2264.000000 0.049744 2341.000000 -0.005493 2440.000000 0.378113 2464.000000 -0.132751 2686.000000 0.145874
3059.000000 0.023193 3139.000000 -0.057983 3237.000000 0.339050 3262.000000 -0.163269 3491.000000 0.118408
4681.000000 0.019226 4754.000000 -0.075073 4854.000000 0.342102 4878.000000 -0.181580 5111.000000 0.115967
5535.000000 0.046387 5619.000000 -0.047913 5712.000000 0.355225 5736.000000 -0.166016 5949.000000 0.088806
6421.000000 0.042725 6512.000000 -0.018616 6602.000000 0.385437 6626.000000 -0.133057 6853.000000 0.169678
7329.000000 0.069885 7369.000000 0.002747 7485.000000 0.413818 7510.000000 -0.111084 7730.000000 0.126953
8111.000000 0.032959 8177.000000 -0.036926 8290.000000 0.344238 8315.000000 -0.139771 8535.000000 0.115051
9692.000000 0.022888 9791.000000 -0.054932 9864.000000 0.338440 9888.000000 -0.150757 10123.000000 0.135803
11333.000000 0.069275 11372.000000 0.020142 11505.000000 0.457458 11529.000000 -0.032349 11765.000000 0.205383
13039.000000 0.061951 13090.000000 0.011902 13220.000000 0.417175 13244.000000 -0.074768 13478.000000 0.309448
13944.000000 0.251465 14018.000000 0.199280 14128.000000 0.578918 14153.000000 0.067749 14368.000000 0.354309
14128.000000 0.578918 14219.000000 0.234070 14368.000000 0.354309 14504.000000 0.170288 14803.000000 0.253601
14811.000000 0.266113 14902.000000 0.180664 14987.000000 0.555725 15012.000000 0.050049 15253.000000 0.325623
15721.000000 0.208740 15777.000000 0.106812 15896.000000 0.505066 15920.000000 0.013733 16132.000000 0.228577
16643.000000 0.055542 16736.000000 -0.026245 16814.000000 0.363770 16838.000000 -0.136108 17066.000000 0.100708
22707.000000 0.021973 22752.000000 -0.057373 22883.000000 0.342407 22908.000000 -0.166016 23141.000000 0.121765
23660.000000 -0.005188 23759.000000 -0.030823 23816.000000 0.352173 23840.000000 -0.146790 24057.000000 0.118103
24583.000000 0.044556 24648.000000 -0.045776 24760.000000 0.366516 24784.000000 -0.143127 25018.000000 0.132751
28011.000000 0.066528 28110.000000 -0.015259 28180.000000 0.344543 28205.000000 -0.145264 28437.000000 0.097961
30590.000000 0.032349 30675.000000 -0.029907 30766.000000 0.347595 30790.000000 -0.140686 31018.000000 0.147095
31514.000000 0.086975 31575.000000 0.032654 31700.000000 0.451050 31724.000000 -0.060120 31957.000000 0.235596
34181.000000 0.189819 34271.000000 0.113220 34357.000000 0.502014 34382.000000 -0.010681 34622.000000 0.252380
35010.000000 0.115356 35072.000000 0.025330 35190.000000 0.426025 35214.000000 -0.062256 35454.000000 0.162659
35868.000000 0.032654 35967.000000 -0.032959 36049.000000 0.346680 36073.000000 -0.191345 36306.000000 0.101013
41187.000000 0.030823 41282.000000 -0.033264 41353.000000 0.342712 41377.000000 -0.147705 41621.000000 0.082397
42106.000000 -0.010681 42205.000000 -0.059509 42268.000000 0.333252 42292.000000 -0.176086 42504.000000 0.112305
43016.000000 0.029907 43093.000000 -0.030518 43194.000000 0.369568 43219.000000 -0.132751 43456.000000 0.139465
43949.000000 0.019531 44004.000000 -0.012207 44044.000000 0.392456 44069.000000 -0.122375 44307.000000 0.134277
44726.000000 0.044861 44801.000000 -0.037537 44906.000000 0.364685 44930.000000 -0.144958 45168.000000 0.176697
48269.000000 0.024719 48319.000000 -0.033569 48438.000000 0.381775 48463.000000 -0.142517 48700.000000 0.173950
49117.000000 0.220032 49164.000000 0.180969 49278.000000 0.561218 49302.000000 0.045776 49524.000000 0.186157
50779.000000 -0.013123 50805.000000 -0.036011 50939.000000 0.395508 50962.000000 -0.081177 51208.000000 0.286255
51619.000000 0.193481 51718.000000 0.101013 51780.000000 0.502319 51805.000000 0.014343 52041.000000 0.271301
52485.000000 0.081482 52548.000000 0.048523 52583.000000 0.418701 52608.000000 -0.083618 52845.000000 0.127258
53171.000000 -0.000305 53244.000000 -0.065918 53362.000000 0.331116 53386.000000 -0.166626 53621.000000 0.071716
54053.000000 0.031738 54149.000000 -0.061035 54233.000000 0.334778 54258.000000 -0.176392 54506.000000 0.096741
54949.000000 0.026856 55033.000000 -0.052185 55126.000000 0.348511 55151.000000 -0.167236 55367.000000 0.124207
55749.000000 0.000610 55848.000000 -0.051880 55924.000000 0.332031 55947.000000 -0.191650 56184.000000 0.098877
56588.000000 0.018616 56667.000000 -0.049133 56767.000000 0.360718 56791.000000 -0.142517 57018.000000 0.166016
57469.000000 0.093384 57566.000000 0.010681 57667.000000 0.395508 57691.000000 -0.136719 57920.000000 0.142212
60030.000000 0.054627 60125.000000 -0.033875 60204.000000 0.368347 60228.000000 -0.134888 60452.000000 0.138245
###END DATA WAVES
###BEGIN DATA HEARTBEAT
60.000000
60.000000
60.000000
24.000000
36.000000
12.000000
36.000000
24.000000
60.000000
24.000000
60.000000
48.000000
###END DATA HEARTBEAT
###BEGIN PAS
5.000000
###END PAS
