ECG9.txt

88.571429
59.419355
216.064516
87.096774
###BEGIN DATA WAVES
220.000000 0.080566 304.000000 -0.180664 334.000000 1.382140 363.000000 -0.497437 534.000000 0.094910
789.000000 0.102844 875.000000 -0.172729 905.000000 1.336670 934.000000 -0.500488 1089.000000 0.065002
1339.000000 0.063171 1429.000000 -0.230408 1461.000000 1.338810 1489.000000 -0.536194 1665.000000 0.059204
1941.000000 0.031433 2030.000000 -0.218811 2061.000000 1.353450 2089.000000 -0.525208 2259.000000 0.046692
2569.000000 0.033264 2657.000000 -0.205994 2688.000000 1.369320 2717.000000 -0.531006 2888.000000 0.039062
3283.000000 0.028381 3368.000000 -0.194092 3399.000000 1.502990 3427.000000 -0.528564 3588.000000 0.074768
4061.000000 0.043335 4145.000000 -0.188599 4176.000000 1.629940 4204.000000 -0.508118 4376.000000 0.064697
4813.000000 0.055542 4903.000000 -0.187378 4935.000000 1.665950 4963.000000 -0.513306 5125.000000 0.082703
5569.000000 0.074463 5655.000000 -0.188599 5686.000000 1.622010 5714.000000 -0.550537 5883.000000 0.059814
6303.000000 0.036316 6386.000000 -0.221558 6418.000000 1.569820 6446.000000 -0.561829 6606.000000 0.039978
7018.000000 0.062256 7102.000000 -0.200806 7133.000000 1.593930 7161.000000 -0.523987 7328.000000 0.062866
7729.000000 0.100098 7811.000000 -0.178223 7842.000000 1.550900 7871.000000 -0.487671 8033.000000 0.079346
8386.000000 0.054627 8473.000000 -0.217285 8504.000000 1.394350 8533.000000 -0.515747 8691.000000 0.043640
9515.000000 0.038147 9604.000000 -0.231934 9634.000000 1.313480 9664.000000 -0.531311 9821.000000 0.051575
10044.000000 0.083923 10132.000000 -0.214539 10163.000000 1.410520 10191.000000 -0.494995 10346.000000 0.088501
10581.000000 0.146790 10672.000000 -0.143433 10703.000000 1.497190 10732.000000 -0.448608 10888.000000 0.133362
11197.000000 0.113220 11286.000000 -0.175171 11316.000000 1.557010 11344.000000 -0.493164 11497.000000 0.076599
11971.000000 0.071716 12062.000000 -0.176697 12094.000000 1.666870 12121.000000 -0.504150 12288.000000 0.058289
12744.000000 0.090637 12828.000000 -0.154724 12860.000000 1.695250 12887.000000 -0.476990 13046.000000 0.098877
13527.000000 0.093079 13620.000000 -0.163879 13651.000000 1.661680 13679.000000 -0.502930 13842.000000 0.072327
14317.000000 0.051880 14404.000000 -0.213013 14435.000000 1.615600 14463.000000 -0.539551 14625.000000 0.049744
15055.000000 0.050964 15139.000000 -0.210571 15170.000000 1.502380 15199.000000 -0.534668 15366.000000 0.072022
15698.000000 0.062561 15783.000000 -0.208130 15814.000000 1.396180 15843.000000 -0.523071 16010.000000 0.064697
16266.000000 0.068665 16354.000000 -0.231323 16385.000000 1.338200 16414.000000 -0.529480 16572.000000 0.080872
16801.000000 0.072937 16889.000000 -0.238647 16919.000000 1.406560 16949.000000 -0.526428 17106.000000 0.055847
17338.000000 0.068054 17430.000000 -0.209351 17461.000000 1.416630 17490.000000 -0.510254 17645.000000 0.073547
17927.000000 0.070801 18018.000000 -0.205688 18049.000000 1.489260 18077.000000 -0.516357 18248.000000 0.063171
18580.000000 0.089111 18669.000000 -0.198364 18700.000000 1.578060 18728.000000 -0.526733 18902.000000 0.055542
19380.000000 0.054016 19464.000000 -0.216675 19496.000000 1.653750 19524.000000 -0.533447 19698.000000 0.065308
20182.000000 0.061645 20265.000000 -0.200195 20296.000000 1.647640 20324.000000 -0.527954 20490.000000 0.057983
20938.000000 0.042419 21024.000000 -0.210876 21055.000000 1.616520 21083.000000 -0.532227 0.000000 0.000000
###END DATA WAVES
###BEGIN DATA HEARTBEAT
96.000000
72.000000
84.000000
96.000000
###END DATA HEARTBEAT
###BEGIN PAS
5.000000
###END PAS
